0.007167
-5,-3 -1,0 -1,3
-3,-1 -3,4 -2,2
0.007023
-4,-1 -2,-1 -1,-1 -1,2 2,-3
-6,-1 -4,0 -2,1 0,-1
0.007223
0,-1 1,0 2,3
2,2 3,0
0.006914
-2,-1 0,-1 3,-2 4,-4 4,1
-1,0 1,-1 4,0 5,-5
0.007263
-2,1 0,-3 0,-1 1,-1
0,-2 1,-4 1,-3
0.003663
1,0 2,-2 3,-2
1,1 1,2
0.007300
-1,0 1,-1 3,0
1,1 2,1 2,2
0.001383
1,0 1,2 4,3
0,1 1,-2 3,2
0.004482
-4,-2 -4,2 -1,-1 -1,0
-5,3 -3,0 -3,1
0.006547
-2,3 -1,1 -1,3 1,-1 2,0 3,-3
-2,2 1,-4 2,1 3,1 4,0
0.000940
0,1 3,4 4,4
2,2 3,3
0.001739
-4,-3 -2,-2 0,-4 0,-3 1,0
-3,-3 -1,-6 -1,-5 -1,-1
0.005105
-2,-1 -1,-2 1,0 3,-3
0,0 0,1 2,-2
0.003205
-5,2 -1,-4 -1,-2 0,-1 1,-2 2,-4
-4,2 -2,1 -1,2 0,-6 2,-7
0.007312
-1,-1 1,-1 1,1 3,-1 5,-1
-1,-3 2,3 2,5 4,6
0.007311
-4,0 -2,2 -1,1 1,-2
-4,2 -2,0 0,-1
0.005505
1,-1 2,-1 4,-2 5,0
2,1 3,-2 3,0
0.007268
-2,-3 0,1 0,2 1,-2 5,0
0,-1 0,3 2,-2 3,-2 5,1
0.006537
-4,3 -3,3 -3,4 -2,5 1,0 2,1
-1,1 0,1 0,3 2,3 3,2
0.000921
-2,4 0,2 1,-1 3,1
0,0 1,2 2,2
0.000713
-3,0 -1,1 0,-3 1,0 2,-3 4,-2
-1,-1 1,1 2,0 3,-1 6,0
0.004768
0,-1 1,-2 3,-4
-2,-2 0,0
0.005043
-4,-2 -1,-1 0,-1 3,0 3,1
-3,-1 -2,-2 1,-1 2,0
0.007123
-3,1 -1,0 1,-1 3,0 3,2
-3,-1 -1,-3 0,-3 0,-1 0,1
0.004102
1,0 1,1 4,2
-1,-1 2,2
0.002003
-3,2 -3,4 0,1 1,2
-3,6 -2,0 -1,0 0,0
0.005936
-4,-4 -2,-1 -1,-1
-2,-3 -2,-2
0.006839
-2,-2 -1,-2 0,-1 1,-5 2,-1
0,-3 1,-4 1,-1 2,0
0.003677
-1,5 0,2 0,5 0,6 1,1
-2,4 -1,0 -1,4 0,3 0,4
0.006404
-2,1 -1,1 2,5
-1,0 1,3 2,2
0.002356
0,-2 0,0 1,0
-1,0 0,1 0,3
0.002622
1,0 2,0 3,0 4,3
3,2 3,4 4,2
0.003590
-1,-3 -1,0 -1,1 -1,4 1,2
-1,-2 0,0 0,6 2,1
0.007314
1,1 3,3 3,4
0,2 1,4 2,2
0.006068
-2,-3 -1,-1 -1,1
-1,-3 -1,0
0.006912
-1,-3 -1,1 0,0 1,1 2,3
-1,-1 0,-1 0,1 0,5
0.006712
-6,-2 -2,3 0,0 0,2
-4,0 -2,0 2,0
0.007291
0,1 2,-3 2,-1
-1,0 -1,1 1,0
0.005882
-3,1 -2,-2 0,0 1,1 1,2 2,-1
-3,0 -2,0 -1,0 0,-1 2,3
0.007316
-3,0 0,-1 0,1
-3,2 -3,3 -2,2
0.004616
1,-1 4,-1 6,-3
1,-4 2,-3 4,0
0.007100
0,-3 0,0 0,2 1,-1
-2,2 -1,3 1,2
0.004511
-4,-6 -4,4 -1,-2 0,-1 1,-4 2,-3
-3,-4 -3,3 -1,1 0,-3 0,2
0.004826
-3,4 0,1 1,2
-2,-1 -1,3
0.007179
-3,0 -1,-3 0,-3 0,0
-2,0 -1,1 1,-2
0.001440
-3,0 -1,-2 0,-3 0,1 3,2
-2,1 -1,1 -1,2 2,2
0.006968
-1,-1 -1,1 0,-4 2,-5 6,-6
-2,-2 -2,2 0,-3 2,-2 4,-5
0.007318
-1,3 0,1 1,-1 1,0
-1,2 0,4 1,2 2,1
0.005356
-4,4 -2,3 -1,1 -1,3 0,0
-3,4 -3,5 -2,2 2,1
0.006271
-4,-1 -1,0 1,-1 2,-1
-3,1 -1,1 3,0
0.000712
0,1 1,-1 3,-2 4,-4 4,-2
-2,1 0,2 1,3 2,-3
0.002456
-3,5 0,1 1,0
-2,-1 -1,4 0,2
0.002540
-3,-4 0,-1 1,1 5,2
-5,-4 -2,-3 3,1
0.007297
-3,3 -1,1 1,2 3,1
0,1 1,-1 1,3
0.000985
-3,-2 -1,0
-2,-1 0,1
0.000694
-1,0 1,-1 2,-2 3,2
0,0 1,0 4,3
0.006215
0,-4 0,-2 1,0 4,-2
1,-5 2,-1 3,-3
0.005414
-3,-2 -1,2 0,0
-1,-2 -1,-1 0,1
0.005229
-1,1 1,2 3,4 4,-1
-2,-3 -1,-1 3,0
0.003059
-2,-4 -1,-4 0,0 2,-2 3,-4
-2,-2 -2,0 -2,2 2,-1
0.004236
0,-2 0,1 1,2 4,2
-2,0 2,-3 2,2
0.002417
-2,5 -1,0 0,4 3,5 4,3
-1,5 0,2 0,3 1,6 6,2
0.004874
-2,1 -1,1 1,0
-2,0 1,2
0.005891
-2,-4 0,0 0,1 1,-1 1,0
-2,3 -1,-2 0,5 3,2
0.004981
1,1 1,5 2,2
0,0 0,4 1,0
0.000785
-6,4 -2,1 -2,4 -1,1 1,-2 3,-3
-7,5 -4,2 -1,2 0,3 1,0
0.006266
-2,4 -2,6 -1,0 0,-1 2,1 2,3
-1,3 0,-3 0,1 0,3 4,1
0.005852
-1,1 1,3 2,-2
-2,3 1,-1 1,0
0.006659
-3,-3 -3,-1 -2,-1 -2,0 -1,-5 -1,-1
-3,-2 -2,1 0,-1 0,0 1,1
0.007233
-1,-4 0,-4 0,-1 1,-1
-2,-3 -2,-1 -2,0 0,-2
0.007294
-2,-3 -1,-2 0,1
-3,0 -1,-1
0.006569
-3,0 -1,-2 0,-5 0,-1
-3,-3 -1,-3 1,-2 1,-1
0.004179
-4,0 -2,0 0,0 1,0 3,0 4,-2
-3,-1 -1,1 2,-3 3,-1 5,0
0.000421
0,-1 0,0 1,1 3,1
-1,-2 1,-2 2,1
0.002770
-5,4 -3,2 -1,0
-4,1 -2,-2 0,2
0.006800
-4,0 -3,0 -1,-3 0,-1 1,0
-1,-1 -1,0 0,-4 0,0
0.001044
-1,1 2,-2 3,-2
0,-2 0,0 1,-1
0.003795
-1,-3 0,-3 1,0
1,-2 2,-1
0.005928
-3,1 -1,0 1,0 4,-2
-1,-1 0,-2 2,0 5,-3
0.001185
-4,1 -2,0 0,0 2,1 2,4
-6,0 -2,-1 -2,1 0,2
0.007304
-2,2 -2,4 -1,1
-2,1 -1,2
0.006810
1,-2 1,0 2,-1 3,4
0,-1 2,0 2,2
0.003173
-2,-1 0,1
-1,3 0,2
0.007317
1,0 4,0 5,0
0,0 0,1 3,0
0.003561
-3,1 -1,-2 -1,0 1,0 3,5
-2,0 -2,4 0,2 1,3 3,2
0.007143
-4,-7 -2,-5 1,-1
-4,-3 -1,-6 0,-3
0.005026
-4,1 -2,3 -1,-2 0,1 0,5
-6,0 -2,0 1,0 2,3
0.006943
0,-2 0,-1 1,2 2,2 3,-1
0,-3 1,0 1,1 2,1
0.000739
-2,1 -1,-1 3,-2
0,-2 1,-2
0.002513
0,-1 3,-2 4,-1 4,3 7,-1
2,-1 2,1 4,2 5,3 6,1
0.006848
-1,-2 1,1 2,1 3,1 4,2
-1,1 1,-2 1,-1 2,0 4,1
0.000082
-2,1 -2,4 -1,1 0,-1 0,3 2,-1
-3,5 -2,2 0,0 0,2 1,0
0.001765
-4,-4 -2,1 0,0 1,0 2,1
-4,-2 -2,-4 -2,-2 -1,0 2,-1
0.006608
-1,1 0,2 1,0 3,0
2,0 3,-1 3,2
0.007317
-2,-2 0,0 1,1 5,1
-2,1 2,0 3,0
0.006116
0,-1 1,0 3,-1 3,3 4,-1
-1,-2 1,1 2,2 4,0
0.003793
-4,-1 -2,1 -1,1
-4,-2 -2,-1
0.006051
0,1 1,0 1,3 4,-2
-2,3 -1,2 2,0
0.004791
-2,0 -1,2 0,1 3,1 4,5
0,0 1,5 2,2 2,3 4,0
0.003821
-5,-3 -2,-1 0,1 2,2
-3,-2 -2,3 -1,-4 0,-1
0.004635
0,0 1,-1 3,2 4,4
-4,-2 -2,-2 0,1 1,2
0.006552
0,1 0,4 2,0 3,-1 3,3
-1,1 -1,2 0,0 1,5 3,4
0.007000
-2,-5 -2,1 -1,-3 0,0 0,2
-3,-6 -3,-1 -1,-2 -1,-1
0.003898
-5,3 -3,3 -1,1 0,1 0,2
-5,1 -4,2 -3,-1 -2,1
0.007263
0,1 2,3
-1,0 -1,1
0.007226
0,0 1,0 4,4
-2,-1 2,2
0.004726
0,1 0,5
0,3 2,4
0.003118
1,-1 2,0 4,-5
2,-3 2,-2 4,-4
0.000065
-2,-3 0,0 1,-3 2,-5
-2,-1 -1,-2 2,1
0.004298
0,1 1,2 2,4
0,0 1,4
0.005292
-2,-3 0,0 1,1
0,-1 3,0
0.007296
-1,-1 0,0 0,1 0,4 1,2
-3,-3 -2,-2 -1,-3 0,-3 1,-4
0.005443
-3,-2 -1,0 0,-2 2,-1
-2,-1 1,-3 1,-2 1,-1
0.007283
-1,-4 -1,1 0,-1
-1,-3 0,0 1,-2
0.004873
-3,2 -2,-1 -1,0
-1,2 1,0
0.002882
-3,-2 1,1 3,1 4,-1 5,0
-1,0 0,-1 2,0 3,0 6,2
0.006213
-4,0 -2,1 0,0
-1,0 -1,1
0.006755
-2,-1 -1,0 1,-1 1,0
-2,3 -1,1 0,2
0.007045
-1,0 1,0 4,4
-2,-1 3,2
0.007134
0,0 1,-5 1,0 3,-3
1,-1 2,-5 2,-2
0.007316
-2,0 -1,3 0,1
-2,-1 -1,-1 0,-1
0.006662
-3,-3 -3,0 -1,1 0,0 2,-2
-5,1 -2,-2 -1,-1 0,-1
0.004750
-5,-4 -2,-2 -2,0 -1,0 -1,1 1,-4
-3,-2 -1,-2 0,2 1,-5 2,0
0.003053
0,1 0,4 0,5
0,2 1,2 1,3
0.007257
-3,-1 -3,3 -2,2 -1,0 0,-2 0,-1
-2,1 -1,3 1,-1 1,3 2,-2
0.004307
1,1 3,-3
1,-1 3,1
0.007111
-1,1 0,-1 1,0 2,-5 4,-7 4,-1
0,-7 2,-3 3,0 4,1 6,-3
0.005502
0,-1 2,-6 3,-3 5,-5 5,-3 6,-5
-2,-3 -1,-2 1,-1 4,-5 4,-4
0.004193
-1,-2 -1,-1 0,-5 1,-5
-1,-3 1,-4 2,-3
0.007030
-3,3 0,0 1,-4 1,-1 1,1
-2,1 -1,2 0,1 1,-2 3,-1
0.005107
1,-1 2,3
0,0 2,1
0.007305
-4,-2 -3,-4 -3,-2 -1,-1
-2,-5 -2,-2 0,-5
0.001814
-1,0 2,-2 5,-4
0,-2 3,-4 3,-3
0.006401
-1,-3 1,-2 1,1 2,-2
0,-3 2,-3 3,-1
0.006851
-2,-2 -1,0 1,0
-1,-2 0,-3
0.006356
-4,-2 0,-1 1,-3 1,-1 3,-4 6,-5
-2,-1 1,-2 3,-1 4,-5 5,-5
0.007165
-3,-1 -1,-1 0,-1 1,-2 2,2
0,-3 1,-3 2,-2 2,0
0.001550
0,-1 1,0 1,3 2,-1
-2,-1 0,1 2,2
0.001927
-4,2 -3,3 -2,5 -1,0 -1,3 0,1
-5,3 -3,6 1,1 2,1 2,3
0.003942
-1,0 1,4 2,2 5,2
-1,2 1,0 1,1 4,4
0.004692
-2,-1 -1,3 0,0
-2,0 -1,2 1,2
0.002489
-1,-3 0,0 0,1 1,1
-3,2 -2,-1 -1,1 0,-1
0.004097
1,1 1,3 2,7 5,4
1,2 1,5 3,2 4,2
0.006981
0,-1 3,-3 4,-4
-1,-1 2,-2 4,-3
0.007282
-4,-2 -3,-3 -3,-1 0,-1
-5,3 -3,1 -2,-1 -2,0
0.003987
1,1 5,-1 5,3 7,-3 7,0
3,-1 3,3 5,-4 7,1 7,3
0.002679
-3,3 -1,-1 0,-5 0,-1
-2,-3 -2,2 -1,1 1,-3
0.000532
-3,6 -1,-2 -1,-1 -1,3 -1,4
-3,2 -1,-4 -1,0 0,-3 0,1
0.007301
-4,1 -2,0 -1,1
-3,2 -2,1
0.006680
-1,-1 -1,2 0,0
-3,-1 -1,-3
0.003940
0,-1 1,1 1,4
-1,2 2,-2
0.004506
-1,-5 -1,-3 -1,1
-1,0 0,-5 0,-1
0.003050
1,0 3,-4 5,-1 6,-2
0,-1 3,0 5,-3
0.006216
-7,3 -5,3 -3,2 -1,-2 0,-1 0,1
-2,-1 -1,1 2,0 4,1 6,3
0.004506
-2,-3 0,-1 1,2 1,3
-2,-5 -1,0 0,1
0.004729
-2,-1 0,-1 3,-3 4,-5
-4,-3 -2,-3 -1,-2 1,-1
0.003922
-2,-1 -1,1 0,0 0,4
-3,0 -2,2 -1,4 0,3
0.006788
-4,5 -2,3 -1,1
-3,2 0,1
0.006263
-2,-1 0,0 0,1 0,2
-2,3 0,-2 0,3
0.005764
-2,0 -1,2 0,1 1,3 4,3
-1,0 0,2 2,2 3,1
0.003801
-2,-4 -2,-2 -1,0
-3,-2 -1,1
0.006881
-2,-1 -1,1 -1,3 0,-1 2,-2
-3,4 -2,1 -1,0 1,0
0.002644
0,-1 1,-1 2,-3 2,-2
-1,-2 -1,0 3,-2
0.004674
-1,1 1,-2 1,-1 3,1
1,0 3,-1 3,2
0.006734
1,-1 2,-4 2,-1 2,1 3,1
-3,0 -1,-2 0,-1 2,-3 3,-4
0.007015
-2,0 -2,1 -1,1 -1,4 -1,5
-1,3 0,3 0,4 1,3 2,2
0.003256
-1,-1 3,-1
1,0 2,-3
0.002902
-3,-2 -2,-3 -1,0 1,0 5,0
-4,-3 -2,-1 -1,-1 0,-1 3,2
0.004276
-2,4 -1,0 0,0 2,4
-3,2 1,2 2,2
0.006612
-4,-4 -3,2 -1,0 -1,1 1,-1
-3,3 -2,-2 2,-3 2,-2
0.003013
1,-2 1,0 1,1
0,-2 1,2
0.004356
0,1 1,1 3,1 3,4
1,3 2,3 3,3 4,1
0.006906
1,-1 3,-4 3,-2
1,0 2,-2 2,0
0.007126
-1,2 0,2 0,4 1,0 1,4 3,2
-1,-1 1,-2 2,-2 2,1 3,-1
0.007139
-1,1 0,1 2,2 4,2
-3,-1 -3,2 0,-1 0,2
0.002358
-3,1 -2,-2 -1,-2 -1,0 0,0 3,-3
-3,-3 -3,0 0,1 0,2 1,-2
0.006619
-2,2 1,-1 2,0
0,2 2,1
0.007308
0,1 1,1 2,1 2,4 3,-1
-1,1 1,0 2,2 2,3
0.006218
-3,-2 -3,2 -1,0 1,1
-5,2 -5,3 -3,1 -3,3
0.007309
-2,-4 1,0 2,2 3,2
-1,-2 1,-1 2,1 3,-1
0.006500
-3,-3 -2,0 0,-1 2,-1
-6,-2 -4,0 -3,1 -2,-1
0.007314
-3,-3 -1,-1 1,-3 1,-1 4,-1
-4,-1 0,-5 1,-4 2,-3 2,-1
0.004419
-3,-2 -3,0 0,-2 1,0
-4,-1 -1,-2 -1,1
0.007141
-1,2 0,-1 2,-2
-3,-2 -1,-3 -1,0
0.007196
-4,-6 -3,-2 -2,-6 -2,-5 0,-1
-5,-2 -4,-4 -4,-1 -3,-5 -1,-3
0.007297
-1,1 0,0 1,1 4,5
0,1 1,2 3,4
0.002165
-2,0 0,1 1,0 3,-4 4,3
-1,0 0,2 2,3 3,-3 3,-1
0.002203
1,-1 1,0 2,-7 2,-4
0,-6 1,-2 3,-6
0.002064
-3,0 0,1 0,2 1,1 4,2
-2,2 2,2 3,2 4,1
0.004909
-3,2 -2,-1 -1,0 0,1 1,-2 1,1
-1,-2 -1,-1 -1,2 0,-1 0,0
0.005960
0,4 1,0 2,2
-1,2 2,0
0.000732
-5,1 -1,-3 -1,0 -1,1 0,-1
-6,2 -4,-1 -3,-1 -3,0 -2,-1
0.001322
-3,0 -1,-1 -1,1
-3,-1 1,0
0.006837
-2,1 -1,-1 -1,0 2,-4
-2,2 -2,3 0,-2
0.006567
-2,-2 0,-1 1,1 2,1
-3,-2 -2,-3 -1,0
0.007008
-1,1 0,1 1,3 2,1 3,-1 4,1
-1,0 -1,5 0,3 1,0 3,-3
0.004336
-5,0 -3,4 -1,0 1,0
-3,-2 -3,1 -3,2 0,2
0.007260
-4,-2 -4,0 -3,2 -1,1
-2,0 -2,2 0,2
0.002732
-3,1 1,1 2,1 3,-1
-1,1 0,0 4,-2
0.003327
-5,-1 -3,-2 -1,1
-1,-4 -1,-2 -1,0
